---BOOK EXAMPLE---
Values
[3, 2, 4, 4]
Sizes
[4, 3, 2, 3]
Solving Knapsack...

--- FINAL ARRAY CONTENTS---
+ C A P A C I T Y
I | 0 | 0 | 0 | 0 | 0 | 0 | 0 | 
T | 0 | 0 | 0 | 0 | 3 | 3 | 3 | 
E | 0 | 0 | 0 | 2 | 3 | 3 | 3 | 
M | 0 | 0 | 4 | 4 | 4 | 6 | 7 | 
S | 0 | 0 | 4 | 4 | 4 | 8 | 8 | 

Utilizing items: [3, 4] with values [4, 4]
--> The maximum optimal value is: 8

---IN CLASS EXAMPLE---
Values
[5, 3, 4, 10, 6]
Sizes
[6, 2, 3, 4, 1]
Solving Knapsack...

--- FINAL ARRAY CONTENTS---
+ C A P A C I T Y
I |  0 |  0 |  0 |  0 |  0 |  0 |  0 |  0 | 
T |  0 |  0 |  0 |  0 |  0 |  0 |  5 |  5 | 
E |  0 |  0 |  3 |  3 |  3 |  3 |  5 |  5 | 
M |  0 |  0 |  3 |  4 |  4 |  7 |  7 |  7 | 
S |  0 |  0 |  3 |  4 | 10 | 10 | 13 | 14 | 
  |  0 |  6 |  6 |  9 | 10 | 16 | 16 | 19 | 

Utilizing items: [2, 4, 5] with values [3, 10, 6]
--> The maximum optimal value is: 19

---LARGE FILE EXAMPLE---
Values
[16808, 50074, 8931, 27545, 77924, 64441, 84493, 7988, 82328, 78841, 44304, 17710, 29561, 93100, 51817, 99098, 13513, 23811, 80980, 36580, 11968, 1394, 25486, 25229, 40195, 35002, 16709, 15669, 88125, 9531, 27723, 28550, 97802, 40978, 8229, 60299, 28636, 23866, 39064, 39426, 24116, 75630, 46518, 30106, 19452, 82189, 99506, 6753, 36717, 54439, 51502, 83872, 11138, 53178, 22295, 21610, 59746, 53636, 98143, 27969, 261, 41595, 16396, 19114, 71007, 97943, 42083, 30768, 85696, 73672, 48591, 14739, 31617, 55641, 37336, 97973, 49096, 83455, 12290, 48906, 36124, 45814, 35239, 96221, 12367, 25227, 41364, 7845, 36551, 8624, 97386, 95273, 99248, 13497, 40624, 28145, 35736, 61626, 46043, 54680]
Sizes
[250, 659, 273, 879, 710, 166, 43, 504, 730, 613, 170, 158, 934, 279, 336, 827, 268, 634, 150, 822, 673, 337, 746, 92, 358, 154, 945, 491, 197, 904, 667, 25, 854, 409, 934, 982, 14, 815, 537, 670, 95, 502, 196, 405, 299, 124, 883, 567, 338, 145, 898, 829, 359, 398, 905, 232, 176, 299, 400, 413, 558, 9, 969, 531, 963, 366, 853, 822, 713, 902, 832, 58, 791, 680, 7, 99, 320, 224, 761, 127, 507, 771, 95, 845, 535, 395, 739, 591, 160, 948, 218, 540, 386, 886, 421, 969, 916, 535, 12, 153]
Solving Knapsack...

--- FINAL ARRAY CONTENTS---
Matrix too large to print...
Utilizing items: [6, 7, 9, 10, 11, 14, 15, 16, 19, 24, 25, 26, 29, 32, 37, 41, 42, 43, 46, 50, 54, 57, 58, 59, 62, 66, 69, 72, 75, 76, 77, 78, 80, 83, 89, 91, 92, 93, 99, 100] with values [64441, 84493, 82328, 78841, 44304, 93100, 51817, 99098, 80980, 25229, 40195, 35002, 88125, 28550, 28636, 24116, 75630, 46518, 82189, 54439, 53178, 59746, 53636, 98143, 41595, 97943, 85696, 14739, 37336, 97973, 49096, 83455, 48906, 35239, 36551, 97386, 95273, 99248, 46043, 54680]
--> The maximum optimal value is: 2493893

